7543,647740,1493,4
7809,647327,1098,2
7553,646778,1723,4
7461,646492,328,5
7464,645824,1650,4
7699,645757,674,3
7474,645609,81,5
7475,645609,306,5
7631,645598,1492,5
7677,642939,821,5
7555,642836,538,5
7303,641265,1759,5
7313,640599,1685,4
7269,640193,104,5
7272,640193,85,5
7738,640085,85,5
7827,640085,1590,5
7323,639557,1496,4
7301,639464,1245,1
7346,639464,1556,4
7318,639457,1784,5
7277,639293,1489,5
7264,639222,11,5
7423,638280,1505,5
7338,637863,1729,5
7305,637777,94,5
7750,637541,1941,5
7161,636975,1518,5
7213,636849,356,3
7359,636805,1586,5
7730,636635,1728,5
7587,636024,1830,3
7164,635825,1562,5
7582,635440,1687,5
7138,635039,12,4
7074,634769,1565,5
7095,634722,1654,4
7075,634296,823,4
7179,634296,240,4
7196,634296,1753,4
7726,633953,1493,5
7727,633953,1106,2
7728,633953,1639,2
7532,633834,1605,2
7567,633834,356,4
7576,633834,1375,3
7156,633810,1754,5
7803,633322,1609,5
7064,633117,1628,5
7400,633117,1252,4
7093,633032,74,5
7189,632419,1687,3
7096,631801,1325,4
7097,631801,1325,4
7098,631801,1325,4
7282,631754,1492,5
7192,631463,1722,4
7358,630985,357,5
7607,630985,4,5
7041,630912,1587,3
7371,630633,360,5
7187,630369,539,4
6965,630244,1247,3
7276,630211,147,3
6939,629979,1608,5
6941,629979,1492,5
6983,629535,454,5
7715,629488,1293,4
6785,629238,1246,4
7539,629238,326,4
6764,629224,1098,5
6758,629216,1604,5
7178,629216,1604,5
7581,628706,1608,5
7554,628313,2,4
7056,628294,1107,4
7693,627464,1100,2
7252,626780,82,5
6749,626740,1727,4
7122,625854,240,5
6793,625239,1107,5
7523,624985,678,5
7526,624985,622,1
7527,624985,622,1
7528,624985,622,1
7805,624907,99,4
6904,624886,1602,2
7063,624636,8,4
6699,624321,1730,3
6856,624300,1754,4
7375,624095,1722,5
7376,624095,1760,5
7352,623437,1786,4
7007,623347,540,4
7014,623347,1590,4
7570,623325,237,1
7158,623237,237,5
7255,622882,1473,5
7162,622846,1256,4
6679,622699,499,4
7306,622670,1728,4
6698,622401,459,3
7413,622341,84,5
6753,622118,1267,5
7069,621264,1719,5
7723,621020,1245,5
7028,620679,1098,4
7747,620289,1300,2
6839,619942,1413,5
6617,619564,661,4
7608,619110,1858,5
7784,619034,357,5
7799,619034,354,2
7800,619034,240,5
7801,619034,1209,5
7834,619034,357,5
7038,618972,1370,4
6624,618565,1214,4
6829,618154,691,5
6763,617946,1243,4
6861,617688,690,5
6799,617615,1261,5
6551,616430,819,5
7348,616425,1775,5
6586,616353,231,4
6522,616186,239,5
6680,616105,1415,2
7050,615347,1609,2
7481,615198,1712,5
6768,614940,272,5
6769,614940,272,5
6770,614940,272,5
6771,614940,272,5
6772,614940,272,5
6773,614940,272,5
6894,614940,1472,5
7046,614940,1472,5
7047,614940,1472,5
7065,614940,272,5
7066,614940,272,5
7067,614940,1472,5
7068,614940,1472,5
6695,614525,1293,4
6933,614386,1260,4
7128,614386,95,4
6871,613487,351,5
6494,613201,1104,4
6670,613201,1567,2
7010,612890,1103,4
7160,612864,658,5
7405,612298,357,5
7406,612298,1563,5
7329,612140,1586,5
6474,612105,1293,5
6812,612105,95,4
6813,612105,497,3
6814,612105,13,5
6815,612105,328,5
6816,612105,1293,5
6818,612105,1761,2
6819,612105,500,4
6820,612105,540,5
7089,612105,104,4
7825,612066,1098,1
7770,612051,1491,4
6919,611866,1492,5
7140,611807,821,5
7141,611807,1607,5
7143,611807,11,4
7145,611807,371,5
7147,611807,690,4
6452,611571,501,3
6450,610715,102,5
7216,610663,1416,4
7248,610616,1680,4
6448,610600,806,4
6449,610600,1426,3
7477,610365,1848,3
7372,610175,6,2
6486,609655,146,1
7443,609489,1606,5
6857,609344,1299,4
6858,609344,11,5
6859,609344,1709,4
7049,609112,1246,3
7006,608587,808,4
6850,608264,440,5
6791,608116,1471,5
6797,608116,1102,5
6979,607635,902,5
6440,607557,234,5
7478,607353,134,5
6628,606929,1709,5
7023,606929,1556,5
6389,606906,1107,2
6658,606679,672,4
6802,606679,1567,4
6804,606679,1264,4
6911,606679,672,4
6997,606679,74,5
7083,606679,691,4
7195,606679,1618,4
7336,606679,11,5
7674,606679,1663,4
7719,606679,1247,5
7720,606679,1247,5
7729,606679,1650,4
7826,606679,12,5
7848,606679,819,5
6600,606652,950,4
7353,606652,949,3
6613,606537,821,4
6614,606537,1709,3
6615,606537,618,5
6616,606537,615,4
6980,606310,121,5
6996,606310,1426,5
7285,606000,1753,5
7286,606000,1753,5
7287,606000,1753,5
7288,606000,1753,5
7289,606000,1753,5
6800,605759,11,5
7622,605718,1,5
6803,605350,1342,5
6431,604920,1586,4
6350,604812,822,3
7660,604797,1760,5
7087,604596,13,5
7448,604498,354,5
6395,604496,1107,1
7177,604175,1728,5
6348,604123,1103,4
6660,603695,1388,4
6540,602784,240,5
6293,602182,805,4
6321,602182,659,5
6469,602182,234,4
6481,602182,661,4
6538,602182,660,5
6582,602182,244,5
7425,602182,1107,4
7426,602182,809,5
6480,601840,1709,4
7551,601741,102,5
6281,600335,1254,5
6347,600048,1103,5
6651,600035,1202,5
6652,600035,1206,5
6653,600035,914,5
6713,599119,1726,4
6714,599119,1299,5
7112,599119,1304,5
7701,599119,71,5
6646,598959,1583,5
6654,598900,1606,5
7459,598849,1711,3
7460,598849,691,2
7220,598835,1585,5
6831,598748,655,5
6855,598748,359,4
6370,598239,1107,3
7355,598206,79,5
7356,598206,87,3
7564,598147,1699,5
6565,597567,1492,5
6570,597567,1703,4
6180,597240,1252,2
6495,597013,1101,5
6943,596920,64,5
6748,596552,12,5
6754,596552,11,5
7417,596471,902,4
6723,596459,1103,5
7436,596247,236,3
6190,595959,1107,1
6154,595946,1107,5
7766,595946,1729,5
6205,595886,240,4
6156,595805,1588,4
6737,595352,1246,3
6775,595101,87,4
6523,594874,1214,4
6709,594622,1708,5
7649,594294,1710,3
6533,594266,1416,4
7691,594137,1626,1
6174,593754,691,2
6661,593727,1415,3
7298,593040,11,5
6304,592826,1104,4
6305,592826,419,2
6306,592826,334,3
6307,592826,381,4
6308,592826,273,5
6309,592826,660,4
6397,592703,1713,5
7450,592626,1480,5
7397,591754,1605,3
6312,591186,119,5
6128,591105,105,4
6720,591055,1730,3
7782,591055,1821,4
7804,591055,443,5
6960,591051,1492,5
6961,591051,1491,5
6209,591033,1615,3
6111,590918,237,3
6119,590918,234,5
6125,590918,1602,4
6126,590918,236,2
6275,590918,84,4
6883,590894,102,5
7090,590821,1247,5
6781,590737,658,5
6786,590737,78,5
7233,590608,1795,4
7236,590608,1246,3
7496,590608,1784,4
7497,590608,1839,5
7498,590608,745,5
7499,590608,742,5
7500,590608,1253,4
7501,590608,1718,4
7502,590608,235,4
7503,590608,1685,5
7504,590608,1667,5
7505,590608,69,3
7506,590608,672,4
7507,590608,1341,5
7508,590608,1339,5
7509,590608,1342,4
7510,590608,595,3
7511,590608,1662,5
7512,590608,12,5
7513,590608,818,4
7514,590608,766,4
7515,590608,691,4
7516,590608,664,3
7517,590608,663,4
7518,590608,659,4
7519,590608,609,5
7520,590608,5,3
7521,590608,3,4
7522,590608,4,3
7591,590608,689,5
7592,590608,1718,5
7593,590608,1341,5
7643,590608,500,3
7644,590608,1717,5
6863,590531,821,5
6359,590222,1491,2
7442,589980,1710,2
6042,589962,419,4
6043,589962,41,5
6063,589962,1302,5
6336,589962,1299,5
6606,589962,1108,3
6937,589962,1102,4
6938,589962,1102,4
7604,589962,1591,5
7099,589883,1757,5
7100,589883,86,3
6836,589546,1753,5
6843,589546,1531,5
6969,589546,71,5
6995,589546,1608,5
7012,589546,1723,4
7057,589546,1757,5
6506,589297,1709,5
6907,589136,1731,3
6573,588893,1365,4
7142,588617,1,4
6832,588431,1359,4
7347,588410,1774,5
7828,588410,1939,4
6951,588290,1722,5
6048,588167,949,4
6049,588167,5,5
6050,588167,1097,4
6202,587963,806,4
6968,587898,1492,5
7293,587804,1414,5
7769,587651,661,3
6066,587534,1249,1
6607,587278,1401,5
6702,587277,822,5
6462,587256,356,5
7345,587129,361,4
7595,586900,1362,5
6000,586891,1214,3
7472,586497,277,5
7053,586453,1101,4
7054,586453,432,4
6099,586359,823,4
6100,586359,371,4
7666,585974,72,4
7735,585974,1725,3
7843,585974,119,4
6057,585851,952,5
6058,585851,87,2
7620,585491,659,5
7621,585491,1416,5
7454,585403,357,5
7455,585403,95,4
7456,585403,821,5
6226,584998,79,4
7228,584978,937,5
6218,584926,1388,5
6003,584885,516,4
6091,584864,1586,5
5948,584856,819,5
6561,584817,619,4
6562,584817,619,4
5916,584786,1380,3
7702,584678,677,5
7762,584678,1491,4
7088,584605,1687,4
6918,584539,226,5
6237,583740,1618,5
6970,583651,1103,5
6270,583509,306,5
6367,583509,81,5
6368,583509,806,5
6535,583509,1527,5
6409,583422,949,4
6512,583422,1711,5
7585,583422,1775,4
6255,583339,1342,5
6454,583304,1524,1
6853,583304,664,4
7241,583304,5,2
7242,583304,272,5
7340,583304,273,5
7388,583304,71,5
7407,583304,334,5
7414,583304,82,4
6035,583065,499,3
6556,582844,1493,5
6277,582474,112,1
5979,582389,1252,5
5936,582368,1425,4
5938,582368,1377,5
6077,582368,79,4
6078,582368,1586,2
6541,582368,1616,5
6542,582368,951,2
6123,582313,1212,4
7146,582014,114,5
6184,581730,663,5
6263,581630,1600,5
7627,581241,233,5
7212,581025,1730,2
7476,580998,532,1
6574,580636,348,3
6685,580459,1247,1
7659,579833,1885,3
7257,579726,1294,5
7560,579487,94,4
6181,579110,1304,4
7225,579046,822,5
5826,578973,1380,3
6436,578973,951,2
6437,578973,1398,5
7005,578973,1377,5
7103,578973,1396,5
7124,578973,84,4
7190,578973,1788,3
7055,577563,373,5
6958,577417,1726,5
7630,577089,69,5
7148,576568,102,4
6364,575947,1098,5
7466,575947,1098,4
6229,575929,1098,5
5780,575734,1425,5
5754,575342,1254,5
5755,575342,364,4
6878,575341,4,4
6189,574796,499,3
6426,574677,1615,5
7077,574677,84,5
7479,574483,691,3
5949,574463,79,5
5955,574463,822,5
5956,574463,822,5
7654,574448,1107,4
7655,574448,99,5
7656,574448,1103,4
7657,574448,1104,5
7744,574448,1886,5
7635,574249,1786,5
6162,573995,1102,5
7335,573837,1463,4
7119,573803,1638,5
7444,573605,98,5
6787,573440,1377,5
5727,573413,84,5
5804,573413,972,4
5953,573413,1492,4
6001,573413,1591,5
6002,573413,1591,4
6266,573413,1491,5
6294,573413,105,5
6341,573413,659,4
7033,573413,84,5
6711,573365,1757,4
7569,573277,14,5
6708,573192,1641,1
5844,572925,677,5
6377,572770,1609,3
5995,572669,1473,5
6482,572561,849,4
5814,572109,1380,3
7000,571873,820,4
6645,571687,210,1
7752,571246,1174,5
7676,570945,1604,1
5726,570932,1298,4
7708,570866,764,5
7725,570866,819,3
5637,570681,1359,5
5901,570681,481,2
6246,570681,1104,5
6563,570503,1605,3
6251,570436,1602,5
6253,570436,821,5
6900,570430,94,4
6833,570237,11,5
6834,570237,11,5
5816,570180,1527,5
7546,570172,1382,4
7183,569991,106,4
7434,569967,13,5
5772,569915,1465,5
7035,569915,1729,5
7042,569915,1729,5
7634,569915,1462,5
5700,569840,807,5
6168,569840,953,5
6498,569840,1494,5
6657,569840,805,5
5876,569711,5,4
5761,569655,1107,5
6755,569609,539,5
5698,569425,63,4
5628,569403,615,4
5682,569403,659,5
5689,569403,233,5
6511,569403,1600,5
7173,568795,96,5
7174,568795,429,4
5855,568498,902,5
6352,568358,1625,1
6725,568358,1589,1
5913,568350,821,5
5921,568350,938,4
6741,568171,690,5
5820,568020,11,5
6922,567799,1359,4
7166,567799,1373,4
5645,567653,1243,5
5646,567653,1246,5
7003,567653,1258,5
6016,567636,240,5
7675,567601,595,3
7802,567601,1719,5
7641,567448,1828,4
5691,567423,540,3
5806,567423,1098,5
5808,567423,1099,5
5809,567423,85,1
6972,567267,672,5
7131,567267,11,5
5605,566939,819,5
5616,566863,614,5
7662,566622,1493,3
5961,566551,1101,5
7092,566507,1416,5
5604,566442,1365,5
7409,566345,360,5
5693,566275,120,5
5694,566275,1522,3
5744,566275,635,5
7086,565894,240,5
5590,565875,1294,5
5867,565843,236,3
7625,565730,1847,2
6886,565539,76,5
6357,565503,1605,2
6382,565503,79,5
6385,565503,1339,4
7337,565503,1618,5
5946,565349,78,4
5985,565295,1213,5
6299,565251,1496,5
5942,564912,1303,5
6780,564857,1098,5
6034,564655,941,5
7771,564655,11,4
7534,564475,821,1
7536,564475,816,4
7302,564457,1300,5
6268,564293,499,3
6801,564008,86,5
5551,563774,689,4
5708,563766,808,3
5709,563766,172,4
5710,563766,1379,5
5711,563766,1386,5
5712,563766,1384,4
5713,563766,1337,4
5714,563766,4,3
5715,563766,1,3
5716,563766,937,4
5717,563766,431,3
5718,563766,432,4
5719,563766,119,3
5720,563766,118,3
5721,563766,94,3
5722,563766,94,3
5723,563766,1365,5
5724,563766,940,2
6665,563766,1288,5
7221,563766,1288,5
7222,563766,1288,5
7223,563766,1489,4
7224,563766,1377,4
7226,563766,1386,4
7227,563766,808,4
7229,563766,432,4
7230,563766,937,4
7231,563766,940,3
7258,563766,1365,5
7259,563766,632,4
7291,563766,1727,5
7048,563750,94,5
5787,563578,1107,4
7486,563578,1614,5
7646,563578,962,5
7149,563554,663,4
7150,563554,1686,5
7151,563554,902,5
7031,563291,356,5
7121,563291,821,5
5779,563194,1098,5
7445,562843,1726,5
5678,562811,1427,5
7268,562799,12,5
5521,562561,1104,5
6261,561913,677,5
6998,561614,1297,4
7015,561614,1201,5
6407,561587,1488,3
5703,561562,1524,2
6346,561518,1202,5
5822,561420,79,4
5873,561420,1586,2
6597,561086,689,1
6599,561086,1098,1
5770,561002,1586,5
6345,560886,677,3
5591,560651,1362,4
5829,560651,1366,5
5830,560651,1505,5
5831,560651,1554,5
7480,560122,1304,4
7170,560021,1300,5
6186,559948,608,4
7732,559329,1661,5
6040,559265,1554,4
5950,558585,226,5
5870,558530,902,3
7381,558504,1830,3
7623,558504,691,5
6129,558480,121,4
7029,558306,1757,4
5764,558020,1105,4
5489,557792,668,1
5608,557000,1419,1
5609,557000,1419,1
5527,556786,1440,1
7274,556763,1325,5
7403,556734,501,2
7404,556734,1471,4
6508,556584,1425,5
7108,556332,1727,5
7109,556332,1685,5
7110,556332,1408,5
5976,556297,1103,5
7552,556155,78,5
5413,555984,756,5
6463,555536,1606,3
6840,555536,1107,4
5740,555475,1384,5
7773,555297,236,5
6142,555238,1290,4
5903,554969,1300,4
5399,554666,642,5
5450,554477,532,4
7794,554360,1586,5
6668,554287,352,5
6924,554242,3,5
6926,554242,102,5
6927,554242,84,5
6928,554242,84,5
6929,554242,1249,5
6930,554242,1426,5
6931,554242,1426,5
6932,554242,325,5
6934,554242,668,4
6935,554242,1264,5
6936,554242,1098,5
5555,553916,79,5
5598,553810,1106,3
5656,553798,72,5
5488,553576,64,2
6548,553549,1487,4
5944,553473,1285,4
5383,553147,1419,1
6265,552974,499,4
5394,552924,11,4
5907,552776,1543,4
7319,552776,110,3
6879,552560,1107,5
6880,552560,1728,4
6912,552560,1711,4
7385,552560,1711,4
7697,552560,1106,4
5841,552486,1585,2
5975,552486,95,5
6208,552486,1606,3
6055,552448,1518,4
6641,551955,1304,5
5494,551902,579,5
5373,551619,358,4
7245,551619,358,5
5606,551528,107,3
5848,551528,116,4
5531,551329,661,3
6432,550756,1605,2
7022,550446,580,5
7043,550446,961,5
5974,550342,1419,3
5765,550143,341,2
5766,550143,359,5
5398,550104,1418,4
5542,549961,231,5
6946,549625,19,5
6837,549555,822,5
7568,549425,235,3
5914,549411,1102,3
6235,549103,1606,5
6776,549016,1416,5
6777,549016,1258,5
7341,549016,1644,4
7361,549016,1644,4
6331,548804,1104,3
5965,548756,1088,4
5966,548756,658,5
5967,548756,659,5
5968,548756,664,3
6153,548756,1283,5
5516,548520,356,5
5741,548437,1300,2
5742,548437,1248,4
6554,548437,1214,2
5416,548426,1246,4
5513,548426,75,4
7618,548368,360,4
5996,548164,1362,5
6323,548162,1334,5
6330,548162,1102,5
6103,548079,439,4
6104,548079,1107,2
6609,548079,1360,3
5445,547835,949,4
7130,547835,1293,5
6838,547513,894,4
5582,547394,1107,5
5583,547394,1475,5
6792,547394,348,5
6794,547394,348,5
6798,547394,1100,4
5564,547206,1289,5
7680,547115,328,4
6134,547038,1486,3
7105,546991,822,4
5291,546977,1243,4
6295,546977,822,5
6152,546785,1257,4
6732,546610,1504,2
6765,546441,82,5
5621,546436,239,2
5392,546132,902,4
6354,546117,459,1
6696,545947,1108,4
5983,545900,1246,3
7254,545883,11,5
7332,545842,1581,1
5799,545757,1585,3
5800,545757,941,5
6187,545757,1083,5
6579,545496,1101,2
7299,545450,1326,5
5675,545438,1508,1
6694,545262,1730,4
6722,545262,1730,5
6596,545198,1685,5
5863,544262,1392,5
5261,544136,86,3
7163,544039,359,4
7202,544039,78,5
7628,543862,1177,1
5251,543835,1361,2
5696,543786,1493,5
5287,543777,348,5
6283,543748,1627,1
5230,543682,806,3
5284,543682,1407,2
7689,543453,82,5
6316,543416,1528,5
5209,543354,517,5
7741,542891,1774,4
7432,542550,1490,5
5697,542337,1334,5
5479,542301,1413,1
6947,542288,1382,4
6948,542288,1382,4
6949,542288,1261,5
6404,542278,79,5
7362,542278,97,4
7412,542147,1641,1
6200,541842,1484,1
5500,541571,1495,3
7175,541571,1756,5
7262,541571,1756,3
7330,541571,1419,3
7331,541571,1652,4
7679,541571,1465,3
7731,541571,619,5
7566,541423,1504,5
7266,541284,1608,5
7270,541284,1415,5
7271,541284,1407,5
7775,541228,1650,4
6260,541016,1360,2
5347,540762,79,5
5978,540572,1492,5
5335,540498,1365,3
5348,540498,951,4
5365,540294,236,2
5403,540276,1375,2
5324,539990,84,3
5952,539990,1415,4
5989,539857,1581,4
6795,539794,658,5
6796,539794,658,5
5465,539537,272,5
5790,539498,673,5
7283,539498,1628,5
6023,539444,675,1
5992,539439,941,4
5475,539344,1108,5
5407,539152,821,5
5216,539023,1398,3
6779,538975,110,4
6784,538975,13,5
7686,538673,1384,5
7073,538634,1300,2
7076,538503,105,4
5248,538319,1388,5
6513,538319,1562,3
5370,538079,622,5
5135,538067,1103,5
5864,537944,654,5
5327,537775,76,5
5167,537692,1298,3
5307,537678,691,1
5572,537515,1255,3
5612,537515,577,5
6884,537432,1687,5
6216,537345,1663,3
7171,537304,516,5
6497,537178,806,4
5161,537091,1245,5
6766,537003,326,3
6767,537003,326,3
6917,537003,11,5
5151,536970,226,5
6999,536852,821,4
5552,536577,1104,4
6854,536544,99,5
5442,536449,357,5
7430,536407,1680,5
5104,536231,752,5
5537,536144,1481,1
6518,535923,1487,4
7558,535923,1492,4
5137,535859,1243,5
6940,535844,1379,5
6942,535844,1246,4
6981,535242,1590,5
5211,535141,653,5
5212,535141,654,5
6526,535134,1108,3
6761,534864,233,5
6735,534854,87,4
6349,534795,653,5
6752,534667,1416,5
5354,534594,239,4
5847,534507,240,5
7806,534507,1489,2
5486,534458,821,5
5073,534430,659,5
6410,534064,659,2
6915,534020,1505,5
6916,534020,631,4
7203,534020,1724,5
6817,533992,1243,4
5086,533963,239,5
5900,533934,432,5
6873,533934,421,5
5768,533835,78,4
6160,533835,1260,5
5178,533660,664,4
5361,533594,532,5
6808,533487,1700,5
6809,533487,1700,5
6810,533487,1703,5
7453,533366,1101,5
6974,533336,1104,4
7596,533276,1512,4
5396,533174,472,3
7700,533141,902,1
5420,533136,1107,3
5751,533136,1270,3
5214,533030,84,5
5382,532974,1207,5
6145,532482,1103,3
6146,532482,1304,5
6621,532470,430,5
6272,532426,1587,5
5124,532307,1,3
6011,532130,1102,2
7754,531854,1339,5
6783,531840,213,5
5896,531817,1257,4
5063,531718,1102,4
5065,531718,79,5
5157,531718,1300,4
5481,531718,1463,4
5355,531714,822,3
7638,531661,659,3
5421,531628,1419,3
5320,531507,1299,5
5321,531507,1214,4
7333,531507,1774,5
5301,531097,98,4
5302,531097,1243,2
5305,531097,1245,2
6069,530926,808,4
6070,530926,79,5
6071,530926,1380,2
6072,530926,1390,3
6073,530926,1408,4
6074,530926,1419,2
6075,530926,363,3
6076,530926,273,5
5404,530751,1299,5
5865,530711,78,5
5520,530688,1416,3
7637,530456,808,1
5797,530310,1464,4
5798,530310,1246,4
6649,530310,1,3
6650,530310,240,5
7256,530310,1,3
7125,529902,1754,4
5528,529530,806,1
5731,529115,110,1
6313,529115,1290,2
6314,529115,962,4
5172,529111,1377,3
5173,529111,1246,4
5174,529111,805,3
5182,529111,1269,4
5624,529111,502,4
5653,529111,110,2
5837,529111,950,5
5845,529111,111,3
5875,529111,1406,3
5910,529111,105,3
6179,529111,804,3
6258,529111,804,1
6361,529111,235,4
6388,529111,1380,4
6428,529111,238,4
6444,529111,502,4
6460,529111,499,4
6461,529111,1600,3
6566,529111,1398,4
6885,529111,1548,5
7201,529111,1757,4
7279,529111,236,4
7351,529111,1786,4
7386,529111,642,4
7396,529111,1425,3
7645,529111,1833,4
7664,529111,1758,3
7819,529111,1757,5
5003,528854,1107,5
5090,528703,1102,5
7016,528695,84,5
7273,528695,821,5
7737,528681,357,3
5534,528632,1261,2
5260,528242,85,5
6065,528207,1581,4
5058,528173,1102,2
5613,528052,1254,5
7078,527952,443,5
6881,527926,1,5
6882,527926,689,5
5585,527586,1304,3
5586,527586,1107,5
5587,527586,1101,5
5588,527586,1100,2
5563,527509,240,5
5877,527308,1289,4
6423,527308,1492,4
6424,527308,1419,3
6514,527308,1711,5
7165,527308,1419,2
5687,527293,1489,3
5084,527217,12,3
6966,527217,673,5
7683,527217,1746,5
6910,527041,1294,5
4961,526536,1107,4
5401,526536,1101,4
7101,526536,1107,5
7208,526536,1492,4
7465,526536,1491,5
5426,526396,439,5
5647,526325,71,5
5737,526325,230,5
5739,526325,461,5
5775,526325,659,4
5890,526325,661,3
5891,526325,532,5
7091,526173,1757,4
5051,526123,1300,3
5052,526123,1247,4
5053,526123,226,4
5054,526123,223,4
5094,526123,1102,5
5263,526123,1407,4
5286,526123,456,4
5506,526123,230,5
5661,526087,675,4
7418,526009,499,3
5317,525963,1107,5
5128,525908,224,5
5311,525908,224,4
5642,525908,1259,4
5326,525845,173,5
4963,525831,1098,5
4964,525831,173,3
4965,525831,63,4
4980,525831,357,4
6101,525831,1366,5
4969,525674,1144,2
4984,525351,951,5
5868,525206,1364,5
4974,525188,103,5
5299,524332,821,5
5184,524125,1245,5
6985,523936,1098,4
6987,523936,419,5
6988,523936,689,5
6989,523936,689,5
6990,523936,663,4
6991,523936,72,3
6992,523936,12,4
6993,523936,14,4
4957,523828,443,4
5012,523758,83,2
6445,523716,821,5
4919,522541,1097,5
5219,522541,1302,1
4922,522526,44,5
6889,522132,558,4
6891,522132,442,3
6898,522132,1614,5
5050,522124,14,3
5099,522081,119,4
5213,522081,547,5
7845,521870,1590,3
5990,521816,1586,4
5991,521816,667,3
6029,521816,79,4
5655,521771,1214,1
5807,521745,1177,3
6193,521745,225,4
7139,521745,1177,4
5629,521667,1104,5
6591,521649,76,5
5043,521360,1247,3
5933,521360,1520,4
7316,521018,86,5
7317,521018,86,5
5131,520929,61,4
6032,520867,1103,3
6458,520660,1332,4
6459,520660,512,5
6740,520660,1333,4
6127,520624,822,4
6297,520624,949,5
6750,520406,1407,4
6150,520096,1588,3
6351,520022,1304,4
5378,519967,1106,5
7524,519967,1727,5
6475,519913,1587,2
4884,519878,1,3
5558,519678,1101,5
5559,519678,1396,2
5560,519678,1302,3
5561,519678,499,5
5562,519678,1098,2
5849,519678,1377,4
6954,519678,1214,4
6956,519678,1101,5
7111,519542,1649,3
5662,519304,1106,3
7144,519230,1727,4
7169,519230,14,5
7429,519230,357,5
7835,519230,690,5
5430,519061,773,5
4958,518946,1097,5
4959,518946,362,2
5818,518602,177,5
7651,518602,1213,5
7748,518602,1269,5
5702,518560,1518,5
6240,518560,1245,4
6241,518560,809,4
6242,518560,1286,4
5544,517731,1172,4
5225,517301,110,5
7437,517044,1603,5
5265,516980,1245,2
7402,516980,1821,5
5840,516814,1275,3
7416,516623,1722,5
5098,516568,72,5
6875,515978,1556,5
6876,515978,1556,5
6877,515978,1098,5
6869,515927,84,5
5651,515776,1107,4
5126,515223,61,1
5512,515139,430,1
5523,515139,430,1
5785,515010,1107,4
5786,515010,1302,2
7114,515010,1106,5
7787,514783,1245,2
6197,514271,240,2
6198,514271,83,5
5993,514212,362,4
5631,514131,1492,1
6135,513635,1492,3
5810,513264,1487,4
5422,512944,95,5
5502,512876,940,5
7304,512701,62,1
6976,511391,1505,2
6805,511092,4,5
7290,510750,1603,2
6247,510650,1680,5
5093,510334,821,4
5730,509620,86,2
6014,509573,663,4
6047,509573,1586,3
6906,509443,118,5
7321,509443,499,4
5943,509264,1586,4
6191,509009,1418,5
6192,509009,423,5
5487,508485,1261,1
7838,507955,1492,2
7059,507870,1375,5
7061,507870,273,5
7062,507870,1606,5
7484,507870,1822,5
7485,507870,1723,5
7159,507859,1493,4
7449,507347,454,4
7468,507347,111,5
7545,507347,1270,4
5854,507136,1484,1
5888,507136,1580,3
5889,507136,240,2
5667,505761,72,3
6086,505713,328,5
5038,505563,1083,2
6555,505151,808,4
5522,504432,104,3
6756,504370,1098,5
6759,504370,1685,3
6224,504012,1605,1
5166,503834,84,4
5285,503834,658,5
5627,503834,662,2
6848,503777,1463,5
6647,503422,1608,5
6097,503408,1261,5
6098,503408,1263,5
5982,502963,1103,5
5384,502950,1246,1
5385,502950,83,5
5666,502375,240,4
6267,502375,11,3
6581,502375,1388,3
5672,501971,1365,3
5673,501971,1270,5
5153,501950,220,5
5635,501950,1416,5
6782,501386,86,5
5898,501332,822,5
6655,501332,1727,4
5749,500917,240,4
5879,500872,1286,5
6762,500652,1362,5
7703,500484,1323,5
7704,500484,449,2
7711,500484,351,5
7712,500484,1265,3
7284,500316,1252,5
7696,500316,809,5
5309,499305,817,4
5310,499305,229,5
5341,499305,110,5
5342,499305,547,5
6203,499305,86,5
6204,499305,673,5
6490,499305,84,4
6491,499305,82,5
6492,499305,83,5
6501,499305,673,5
6636,499305,663,2
6637,499305,664,2
6971,499305,1251,5
7045,499305,655,5
7315,499305,1558,5
7757,499305,174,5
5473,498833,1419,1
7267,498715,359,4
5202,497779,240,5
6110,497779,677,5
6393,497779,1419,4
7440,497552,1728,4
5988,497163,1361,5
6572,497163,1606,1
7807,497074,1833,5
6219,497046,676,1
6874,496915,1730,3
6955,496915,1723,5
4905,496139,592,4
4907,496139,1243,3
4908,496139,233,5
4909,496139,11,4
5072,496139,469,5
5175,496139,74,5
5904,495353,1293,4
5836,494973,1478,4
6327,494955,1486,5
4900,494753,641,5
5474,493943,1107,3
5895,493931,1425,3
6870,493625,1107,5
6051,493619,122,5
6052,493619,1551,4
6324,493619,653,3
6167,493516,1518,3
6476,493200,1268,4
5738,492815,172,2
7749,491614,110,4
5878,491452,240,5
5103,491028,1299,2
5469,489883,1300,3
7300,489590,532,4
7415,489370,1339,5
7070,488871,705,4
7193,487996,1730,1
6037,487974,1264,3
6120,487605,1627,3
6121,487605,1103,5
6245,487314,1415,2
6921,487205,418,5
6925,487205,597,3
6806,487092,577,5
6807,487092,174,5
5894,486798,1547,3
6472,486331,902,4
6473,486331,78,5
6568,486331,902,3
6584,486094,1605,3
7575,485546,1860,5
7129,485513,1627,5
7776,485262,821,4
5812,485217,78,5
5813,485217,660,3
7548,485217,1263,3
7549,485217,1609,4
7824,485217,85,2
6729,484521,1107,4
5480,483405,1255,1
5665,483381,451,3
6207,483097,1580,2
6405,483097,1580,1
5592,482745,1407,4
6400,482745,1629,4
7557,481961,1103,4
7295,481838,1262,5
7308,481838,1375,4
7309,481838,1375,4
7310,481838,1362,4
7311,481838,62,5
5203,481761,1108,4
5872,481592,229,5
7391,481302,1753,5
5083,480704,469,2
6487,480108,1486,3
5909,479964,443,4
6923,479726,1104,5
5630,479533,1113,3
5371,479461,105,4
7463,479283,1586,4
7408,479179,113,5
7610,479179,1727,4
7611,479179,1322,5
7612,479179,73,5
7613,479179,1212,4
7698,478195,1786,4
7718,478195,1098,5
6291,478093,1304,3
6638,477601,1303,1
6274,477446,78,5
6745,477446,1556,4
6746,477446,79,5
7082,477446,1565,5
6822,477392,1606,5
6835,477392,1606,5
6521,476925,1107,3
5578,476419,895,5
6700,476414,456,1
7561,476276,1101,4
5075,475466,950,5
5076,475466,1243,2
5077,475466,11,4
5078,475466,220,4
5289,475466,951,5
5569,475078,62,4
6760,475057,102,5
7060,474627,1492,5
6271,474370,148,1
7438,474370,1470,5
4870,473755,957,4
5255,473454,586,5
7021,473454,1581,5
5464,473298,84,5
6019,473100,85,5
4876,473046,579,5
5322,473046,579,1
6552,473046,1260,4
6644,473046,1608,4
7789,473046,354,2
5679,472806,356,5
5680,472806,357,3
6087,472806,1388,5
5707,472356,588,4
6604,471559,1294,5
6605,471559,1294,5
4927,471153,1246,5
5129,470990,12,2
4945,470227,645,5
5071,470074,656,4
6457,469659,1302,4
5860,469606,1261,1
5016,469557,373,5
7538,469311,151,4
6116,468764,1249,5
5957,467670,1390,5
7758,467670,1941,5
6435,467509,1603,3
7783,467329,1630,1
4976,466975,1214,2
6465,466384,1248,2
5458,466363,419,5
7040,466363,1586,2
7668,466063,1212,5
7669,466063,1207,5
6945,465982,9,3
7001,465253,1252,4
6412,464975,1492,3
6413,464975,147,4
6471,464975,1101,3
6901,464441,13,4
7594,463017,1409,5
6007,462964,1326,3
5019,462605,4,3
7246,462244,13,4
5477,461960,1103,5
6742,461801,806,5
7167,461485,767,5
6914,460048,1625,5
7368,460048,1487,4
5594,459411,1102,5
6626,459243,1552,3
6577,458982,1379,2
5217,458586,1388,1
5344,458449,352,3
6704,458280,1604,5
6706,458280,1588,5
5204,458230,1377,5
5218,458230,1398,2
5243,458230,64,5
5777,458230,1247,3
6536,458230,1390,4
7599,457888,1492,4
6185,457688,359,1
6379,457688,361,5
6392,457688,326,5
6438,457688,1602,3
6686,457688,1416,3
5550,457516,1481,3
4892,457227,101,5
5828,456615,677,5
4917,456363,1245,4
4918,456363,673,5
5117,456363,371,5
5118,456363,373,5
5119,456363,374,5
5120,456363,1097,5
5141,456363,660,5
5142,456363,262,5
5143,456363,74,5
5144,456363,1,5
5145,456363,3,5
5168,456363,1384,5
5191,456363,357,5
5206,456363,1098,5
5207,456363,1390,5
5208,456363,1377,5
5220,456363,275,4
5229,456363,5,5
5239,456363,1258,5
5240,456363,1262,5
5241,456363,1261,5
5250,456363,1382,5
5303,456363,760,5
5379,456363,593,5
5380,456363,75,5
5400,456363,574,4
5440,456363,1425,5
5505,456363,1415,5
5509,456363,97,5
5543,456363,600,5
5601,456363,659,5
5602,456363,1414,5
5674,456363,1373,5
5784,456363,56,5
5928,456363,87,5
5969,456363,592,5
5970,456363,547,3
5971,456363,761,5
5972,456363,691,2
5973,456363,601,5
6056,456363,1620,5
6067,456363,358,5
6107,456363,949,5
6117,456363,500,5
6136,456363,500,5
6137,456363,503,5
6157,456363,94,5
6159,456363,8,5
6220,456363,499,5
6221,456363,4,5
6223,456363,502,5
6285,456363,98,5
6300,456363,1672,5
6315,456363,1520,5
6401,456363,274,4
6442,456363,226,5
6499,456363,110,5
6510,456363,272,4
6515,456363,229,5
6550,456363,1604,5
6553,456363,536,4
6557,456363,1602,5
6583,456363,532,5
6619,456363,704,5
6642,456363,1722,5
6643,456363,1723,5
6681,456363,1721,5
6682,456363,1720,5
6683,456363,1754,5
6689,456363,662,5
6690,456363,661,5
6691,456363,663,5
6701,456363,501,5
7377,456363,1784,5
7378,456363,1821,5
7379,456363,1650,5
7380,456363,1686,5
7529,456363,821,5
7530,456363,819,5
7629,456363,764,5
7658,456363,306,5
7814,456363,1823,5
7815,456363,1822,5
7816,456363,1824,5
7847,456363,822,4
5256,456174,1304,3
5377,456174,1300,5
7832,456174,466,1
7583,456050,1830,1
7584,456050,1828,1
5315,455990,1419,4
5395,455691,691,4
5277,454604,64,1
6844,454604,226,3
6864,454604,226,3
6866,454604,622,2
7081,454604,1602,4
7740,454604,1538,5
5511,454466,1253,3
7327,454437,240,4
7328,454437,1262,4
6375,454064,1491,2
5747,453833,61,1
6788,453341,644,4
6789,453341,644,4
6726,453323,95,5
7742,453159,1608,5
4891,453041,653,4
6178,452988,1323,4
6262,452979,62,5
6612,452979,1303,3
7639,452625,11,5
7104,452080,1491,3
7363,451990,820,5
7427,451842,359,4
5127,451754,233,5
7184,451398,1304,3
5919,451036,1586,5
6122,450746,108,4
5136,450557,805,5
5155,450310,1302,5
5312,450310,1419,5
5318,450310,240,5
5405,450310,44,5
5447,450310,46,4
5484,450310,48,5
5557,450310,1418,5
5925,450310,1494,5
5926,450310,1495,5
6338,450310,819,5
6339,450310,821,5
6569,450310,1711,5
6892,450310,1712,5
7126,450310,1712,5
7127,450310,1712,5
7152,450310,1650,4
7153,450310,1711,5
7205,450310,1712,5
7360,450310,1494,5
7373,450310,1495,5
7395,450310,1842,5
7525,450310,1872,5
7244,448744,1724,5
4972,447775,665,3
4973,447775,822,5
6593,447775,1299,5
7562,446620,593,2
5304,446519,360,5
5541,446052,172,2
7774,445662,1856,5
6962,445488,1725,4
5190,445054,1294,5
5258,445054,1252,5
5781,445054,1585,3
6383,444561,1106,4
6576,444476,1627,2
7364,444349,71,5
6158,443481,1102,5
6545,443481,348,4
6210,442568,689,4
5460,441946,809,4
6118,441538,481,1
6430,440651,1246,5
6068,440177,71,4
7755,439721,1,4
6378,438454,1644,4
5745,438334,622,2
5746,438334,1463,5
5663,437727,806,4
6860,436454,644,4
6865,436454,94,4
6867,436454,1492,4
6868,436454,357,4
7079,436454,691,4
7763,435785,119,5
6849,435757,654,2
6589,435600,576,5
5411,435598,1303,3
6133,435408,1361,4
5940,433771,1373,2
5676,433019,605,5
6318,433019,1214,2
4889,432384,1251,4
4890,432384,1250,4
5138,431660,61,5
6821,431566,667,4
6823,431566,661,4
6239,431427,105,4
6559,431323,1294,5
7433,431323,99,5
5177,430911,65,5
5883,430911,1258,5
6973,430340,507,4
6595,429765,592,5
7263,429765,592,4
7367,429765,1788,2
5476,428661,498,5
5861,428507,1103,4
5819,428418,821,5
7113,428418,621,1
4938,428204,819,5
4939,428204,819,5
4940,428204,222,4
4941,428204,223,4
4942,428204,540,5
4943,428204,443,5
7176,427744,1382,4
4978,426415,616,2
4982,426245,82,4
7334,426226,63,1
7550,426042,1797,5
6959,425069,496,5
4867,424790,1213,1
6451,422604,80,1
6724,422417,1605,1
6585,421996,113,5
4877,421101,110,5
4878,421101,240,1
4893,421101,822,5
7796,420237,147,4
7387,419223,356,5
6738,419098,114,5
6739,418862,1101,5
5022,416753,459,1
7462,416733,1727,5
6356,416712,213,4
7168,415591,419,4
6171,415551,103,5
6520,415368,778,4
4910,415023,1205,4
5027,415023,498,1
5595,414935,110,3
5699,414935,1299,5
5922,414935,614,1
7219,414289,1293,4
5533,414281,1505,5
5100,413845,1104,1
5221,413686,1255,2
6967,413661,71,3
5363,413538,677,4
5364,413538,676,4
6544,412169,1098,4
6610,410869,676,5
5548,409845,1303,3
7051,409707,676,4
7194,409707,1416,4
5930,409484,1505,5
5931,409484,1505,5
5881,407926,99,2
5882,407926,1476,4
6675,407849,1247,4
6676,407849,240,5
5685,407331,1527,5
6079,405843,1100,4
6225,405843,1631,1
5568,404683,105,1
5596,403324,1499,5
7721,403318,1846,4
7722,403318,85,4
5885,401830,354,5
5886,401830,1207,4
6027,401742,1099,3
5254,401326,1375,5
7458,399913,82,5
4988,399331,71,5
6963,399106,102,5
6964,399106,328,5
5121,399090,1300,5
6155,397207,1620,1
5223,396797,61,4
7439,394554,1257,4
5947,394451,1108,4
6703,394391,1107,5
5999,393984,1375,5
5181,393636,47,5
5180,393332,1299,1
6257,393113,1505,5
7818,393113,1862,5
6298,392745,96,4
6310,392234,1647,5
7650,392234,1822,2
7085,391818,711,4
6887,390388,1579,4
6888,390388,821,4
6890,390388,348,4
7281,389983,239,2
6269,389837,1492,3
7044,388606,1102,4
5028,385983,430,4
6659,385819,4,3
7836,385819,1245,2
5064,383708,26,4
4866,383338,434,4
6485,383165,1103,1
4968,381243,713,2
5743,381243,1173,4
6386,381131,1587,3
7673,380698,615,1
7724,380689,1339,4
5668,380261,5,5
5388,380091,83,3
5389,380091,651,5
5390,380091,226,4
5391,380091,690,5
5393,380091,78,4
6114,380091,1590,4
5524,379822,644,4
6015,379822,1102,5
6053,379822,1103,5
6287,379822,1685,2
5253,379573,1098,5
6846,378149,1426,5
7535,378149,1725,5
7609,377894,1098,5
7844,377524,1492,3
7009,375646,61,3
5884,375485,1586,3
6678,374234,87,5
4937,374005,240,5
5005,373244,174,4
5006,373244,615,2
6259,372888,1573,1
5431,372163,79,4
5432,372163,658,5
5433,372163,659,5
5434,372163,659,5
5435,372163,659,5
7772,372056,1722,5
5962,371938,1209,3
6083,371938,1209,3
6084,371938,536,4
6085,371938,1260,5
5408,371748,1256,5
7200,371748,1659,4
7206,371748,1659,4
6139,371156,1419,3
6707,370987,1103,4
7232,370903,1377,5
5536,369357,1103,5
7102,369168,1730,1
5091,368384,1103,4
6088,368355,71,4
6089,368355,99,2
6090,368355,663,5
6147,368355,1098,4
6148,368355,1492,5
5580,366637,1406,5
4987,364166,368,5
7633,363889,1103,5
5485,363866,1212,2
4879,363794,272,3
5923,363540,226,4
5924,363540,226,4
5571,362378,595,3
5625,362378,4,2
7325,362378,1707,5
6953,361486,1108,4
7157,360279,232,5
7473,358807,61,5
7002,358011,26,2
6677,357559,1102,2
7117,357331,1753,3
6292,356821,653,5
5165,356443,617,5
6479,355071,1491,4
6021,354845,1586,2
7154,354838,1104,4
7155,354838,1098,5
6705,354799,1729,5
6516,354275,1248,5
6517,354275,71,5
7278,353825,1362,5
5020,353086,1103,5
5273,352690,1416,5
6757,352650,1605,4
5589,351523,902,5
5210,351345,459,4
5753,351345,1491,1
6138,351220,86,3
5066,351156,1300,4
5803,351156,1290,5
5510,350727,1289,5
5331,349642,451,5
5381,349642,1104,5
5669,349642,1550,5
5670,349642,454,4
5456,347873,1102,3
5340,345250,1261,4
6588,344846,1107,4
5503,343825,1256,3
5042,342771,240,1
5069,342771,1304,5
5232,341887,1265,5
5233,341887,1260,5
7753,341686,1788,5
5257,341504,85,5
7120,341490,1106,4
7491,341490,1730,4
5139,341432,1300,5
5858,340648,1103,5
6045,338926,1493,4
6952,338006,355,5
5323,337257,1107,5
5298,337064,1270,5
5300,337064,1362,4
5937,337064,668,4
7392,337064,1685,4
7394,337064,1686,5
7215,336472,1605,4
6751,335713,13,5
7080,335164,1489,5
7199,335159,1652,4
7211,335159,1788,2
7424,335159,1390,1
7547,335159,72,2
5686,334738,347,3
6712,334735,1394,4
6201,332918,1626,1
5852,332337,809,3
5853,332337,84,5
7470,331787,1249,5
7471,331787,1249,5
5980,330717,664,1
5013,328902,1101,4
5014,328902,222,5
5514,326439,1488,5
5517,326358,722,1
5024,326203,951,1
5025,326203,642,4
5026,326203,644,4
6611,326203,84,4
5179,325311,1323,3
5623,323542,240,5
5133,323297,1336,4
7574,323193,1097,4
4863,321634,381,5
7181,320728,102,5
6232,320715,1213,4
5643,320006,1104,4
5644,320006,1245,2
7182,319287,472,4
7573,319287,75,3
7636,319287,1850,3
7419,318991,103,5
6567,317648,326,4
5648,315954,1407,4
5271,313780,306,5
6169,313780,675,5
7039,313376,1687,5
6913,313177,1609,4
6920,312972,1710,2
5215,312940,176,2
5290,312940,620,1
5617,312940,229,3
5750,312940,1247,2
6302,311899,1609,2
6851,311785,1253,4
6044,309925,1265,4
5463,308704,79,5
7008,306643,1744,5
7034,306643,1746,5
6427,306293,240,5
7565,305750,1729,5
7401,302815,1606,2
7695,302490,1108,5
7495,300486,1492,1
5771,298224,1107,4
5581,297512,1107,5
5425,297077,1428,5
4999,296624,1280,3
5000,296624,1278,3
5424,293548,13,5
7383,290845,644,3
6248,290389,1374,5
5276,285248,1400,2
7389,285238,1101,5
7756,285219,1687,4
6030,284975,1379,2
5266,284063,646,3
5842,284063,327,1
5843,284063,326,1
5441,280868,1362,4
6534,280517,949,2
7810,280517,1415,4
7811,280517,1415,4
7812,280517,1415,4
6151,280239,25,1
6366,279361,1269,3
7606,278860,1856,5
4895,278841,1101,2
5412,276141,1411,1
5055,274195,79,5
5756,273851,1492,5
5757,273851,110,4
6161,273851,1605,4
6778,273500,1362,4
4951,272143,1144,4
5032,272143,953,5
5033,272143,1107,5
5047,272143,950,5
5048,272143,1268,5
5049,272143,1266,4
5059,272143,1101,5
5060,272143,1145,4
5061,272143,1270,5
5095,272143,949,5
5096,272143,220,4
5097,272143,221,4
5122,272143,1289,4
5134,272143,173,5
5176,272143,805,5
5275,272143,66,4
5615,272143,1505,5
5934,272143,1586,4
6004,272143,1504,5
6301,272143,357,3
6908,272143,1609,5
7369,272143,1786,5
5231,272011,357,5
7829,271568,1687,4
4904,271539,434,4
4948,269650,221,5
5164,269479,1303,4
6692,269140,1097,2
5827,267961,1300,3
5902,267961,1106,1
5259,267795,273,5
7084,266941,1377,5
5929,265530,1248,4
6284,265109,676,4
5035,264126,495,5
7017,264126,495,5
7018,264126,1408,5
7019,264126,1415,5
7020,264126,1247,4
5482,262770,1326,4
6403,262770,1710,4
4931,262617,822,5
6124,262487,1246,2
7577,261994,425,5
7578,261994,425,5
7614,261994,420,5
7687,261994,338,4
7716,261994,307,4
7717,261994,419,5
5369,261792,107,5
5466,261792,1489,4
6594,261792,1642,3
5227,261574,1252,4
6217,259431,1417,5
5296,257425,1268,5
6774,256506,1496,5
5125,254849,1102,2
7030,253683,1607,1
6944,249896,690,4
7013,249687,837,5
7026,249687,836,5
7027,249687,858,5
5270,248563,1106,5
6672,246526,1419,1
6024,246469,1083,2
7745,245839,1098,5
7788,245568,1213,4
5633,244934,1247,5
5414,243364,1214,4
5269,243300,78,2
6852,241815,448,5
5228,239796,1107,2
5556,239796,1486,4
4871,238552,950,5
7705,238059,1734,4
6031,232155,1534,5
5123,231578,658,5
4947,230303,83,3
4896,226104,1101,1
5039,225278,84,4
5236,225278,84,5
5932,225078,1252,3
7198,225078,241,4
7626,224496,1303,3
7132,224361,84,5
5036,223809,1245,3
4954,222522,615,3
5600,222449,1286,2
6434,221468,1100,5
5584,221245,809,3
6371,218484,1685,1
5316,215134,354,5
5330,215003,1414,2
6484,214985,1360,5
5189,213819,1097,2
5869,213819,1261,2
6845,211811,1098,5
7094,211811,1098,5
5115,209922,1304,5
6824,208179,274,5
6825,208179,1245,5
6826,208179,318,5
6827,208179,1496,5
6828,208179,598,5
6893,208179,1195,5
7275,208179,275,5
5769,207350,1298,1
5272,206533,451,4
5547,204762,357,5
5577,204762,99,2
7817,203375,1492,2
7615,203093,451,5
5244,200106,1368,2
5245,200106,439,5
6417,199073,1105,2
6622,199073,1103,2
5650,198838,105,5
5857,196667,1486,5
7411,196050,623,4
5610,195861,1103,3
6319,195056,1101,4
5067,189480,1299,5
5068,189480,821,5
7435,187952,1365,5
5893,187372,805,4
5917,187372,949,2
6012,187124,1302,3
5455,186633,822,5
5767,186633,224,3
5282,186340,1417,5
5045,185023,208,4
5046,185023,660,3
7133,184761,1642,3
7134,184761,438,5
7135,184761,102,5
7136,184761,103,5
7137,184761,689,4
6165,183011,1587,5
5452,182174,1388,1
5453,182174,820,5
5454,182174,1406,5
5461,182174,618,5
5539,182174,1388,1
5994,182174,1585,5
6335,180929,1671,3
5856,179301,5,5
4897,178610,356,5
6899,176653,1613,4
7296,176268,886,5
6358,176241,497,4
6008,174876,1415,4
6009,174876,1416,5
7209,174876,1709,1
7579,174662,1784,5
6320,174651,1486,5
5911,171888,1586,2
5023,171674,1268,4
5147,170897,1097,3
5148,170897,3,4
5149,170897,82,4
5150,170897,5,5
5704,169358,61,5
7072,166872,1505,4
5249,166765,1107,4
4864,165571,102,5
4865,165571,146,4
5105,165571,817,5
5183,165571,1304,4
5297,165571,445,4
5332,165571,213,5
5977,165571,1505,3
6398,165571,463,4
6418,165571,359,2
7322,165571,1590,5
6715,165471,1341,4
7813,164460,120,1
5278,163553,86,2
7421,162169,1743,5
5802,161707,122,5
5846,161707,120,5
5406,159046,617,1
5252,156109,1368,5
7350,154415,1253,1
5314,153383,6,2
5467,153383,78,5
5468,153383,1392,3
7382,151591,1853,1
6041,145809,1290,2
5823,145220,1586,4
6903,144737,1706,5
7024,144737,1327,5
7025,144737,1327,5
4911,142787,961,5
6005,142787,962,5
6656,140737,1246,3
6376,139367,345,2
6478,137242,1385,5
7808,133830,1892,4
7441,132916,355,5
6010,130365,1551,1
5279,129737,72,5
5280,129737,237,5
5281,129737,72,5
6106,128769,1505,3
5102,128421,1238,1
6546,128032,1497,5
6693,128032,1712,5
7694,128032,1729,1
5437,125448,691,4
6571,125156,101,5
7765,120024,71,4
5274,114215,691,5
5195,113795,1303,5
5939,112804,86,4
6333,112401,1419,1
6334,112401,81,5
5353,112024,646,3
6170,112024,1250,5
6373,111941,1394,4
6273,108886,359,4
4886,107959,689,3
7365,106700,1486,5
7390,105427,689,5
7457,105427,690,5
6717,105119,1303,2
5636,103337,1304,5
5449,102768,16,5
7710,100510,1758,5
5773,98726,1377,5
5774,98726,500,4
7648,96187,1867,4
5526,92612,1108,3
5862,92612,1107,4
5912,91424,86,1
6984,75618,972,5
6443,71399,821,1
4883,67352,229,4
6525,59452,821,1
5566,58909,1362,3
5567,58909,61,3
5368,57394,468,5
6112,55636,1418,4
6017,53513,558,5
5508,51796,676,2
5684,50786,1396,2
7011,50786,1377,5
6811,50500,120,5
7107,50380,1362,3
6441,44894,1106,4
6635,35306,1303,5
5654,34216,1101,4
6414,34216,677,5
5018,12423,951,5
5159,12423,1299,1
4912,2,105,4
4913,2,105,5
4914,2,105,4
